杨凌 201685043 2 78.000000 82.000000 92.000000 89.000000 3
徐园 201685098 1 98.000000 62.000000 87.000000 76.666667 7
马乐 201685012 1 70.000000 97.000000 93.000000 83.333333 5
王鹤 201685047 2 90.000000 65.000000 72.000000 90.000000 2
宋文 201685089 1 84.000000 88.000000 76.000000 73.333333 8
王帅 201685015 3 60.000000 49.000000 79.000000 56.666667 10
李可 201685065 2 97.000000 88.000000 96.000000 86.666667 4
朱南 201685089 1 88.000000 82.000000 89.000000 80.000000 6
吴波 201685054 2 62.000000 89.000000 42.000000 63.333333 9
方智 201685010 1 98.000000 90.000000 92.000000 96.666667 1
